0.392157
0.360784
0.349020
0.360784
0.372549
0.329412
0.360784
0.368627
0.364706
0.364706
0.337255
0.341176
0.356863
0.317647
0.301961
0.305882
0.301961
0.341176
0.329412
0.337255
0.345098
0.286275
0.266667
0.309804
0.337255
0.356863
0.321569
0.380392
0.360784
0.380392
0.384314
0.368627
0.380392
0.376471
0.396078
0.388235
0.384314
0.403922
0.407843
0.423529
0.325490
0.313726
0.298039
0.305882
0.305882
0.290196
0.286275
0.305882
0.305882
0.313726
0.313726
0.305882
0.298039
0.298039
0.329412
0.301961
0.325490
0.333333
0.329412
0.337255
0.321569
0.211765
0.184314
0.231373
0.294118
0.266667
0.286275
0.282353
0.270588
0.274510
0.282353
0.294118
0.262745
0.258824
0.266667
0.290196
0.262745
0.278431
0.274510
0.298039
0.372549
0.301961
0.231373
0.243137
0.262745
0.270588
0.250980
0.258824
0.243137
0.262745
0.258824
0.262745
0.258824
0.239216
0.250980
0.207843
0.203922
0.239216
0.239216
0.235294
0.235294
0.188235
0.231373
0.243137
0.235294
0.239216
0.223529
0.250980
0.266667
0.270588
0.294118
0.290196
0.305882
0.301961
0.317647
0.333333
0.286275
0.321569
0.341176
0.317647
0.200000
0.121569
0.145098
0.152941
0.141176
0.160784
0.164706
0.152941
0.160784
0.133333
0.164706
0.137255
0.164706
0.121569
0.125490
0.113725
0.109804
0.149020
0.145098
0.137255
0.141176
0.129412
0.105882
0.137255
0.121569
0.129412
0.145098
0.156863
0.137255
0.180392
0.133333
0.164706
0.152941
0.168627
0.125490
0.156863
0.156863
0.164706
0.215686
0.282353
0.082353
0.094118
0.090196
0.125490
0.109804
0.090196
0.113725
0.113725
0.121569
0.125490
0.117647
0.098039
0.101961
0.098039
0.117647
0.129412
0.094118
0.094118
0.125490
0.105882
0.160784
0.121569
0.105882
0.109804
0.156863
0.098039
0.168627
0.109804
0.129412
0.129412
0.145098
0.133333
0.101961
0.109804
0.105882
0.105882
0.109804
0.098039
0.113725
0.156863
0.074510
0.090196
0.101961
0.098039
0.117647
0.129412
0.109804
0.137255
0.125490
0.098039
0.133333
0.105882
0.129412
0.133333
0.098039
0.109804
0.098039
0.098039
0.117647
0.129412
0.117647
0.098039
0.109804
0.160784
0.125490
0.109804
0.164706
0.137255
0.141176
0.125490
0.125490
0.105882
0.145098
0.137255
0.117647
0.098039
0.109804
0.125490
0.125490
0.188235
0.101961
0.105882
0.101961
0.109804
0.101961
0.152941
0.125490
0.133333
0.141176
0.145098
0.133333
0.149020
0.133333
0.113725
0.129412
0.156863
0.133333
0.113725
0.137255
0.184314
0.215686
0.094118
0.141176
0.105882
0.129412
0.121569
0.129412
0.133333
0.184314
0.137255
0.152941
0.149020
0.152941
0.109804
0.137255
0.105882
0.129412
0.125490
0.113725
0.094118
0.070588
0.082353
0.133333
0.149020
0.149020
0.188235
0.168627
0.160784
0.145098
0.188235
0.184314
0.168627
0.137255
0.129412
0.121569
0.121569
0.082353
0.062745
0.058824
0.062745
0.074510
0.062745
0.058824
0.070588
0.105882
0.145098
0.176471
0.168627
0.149020
0.200000
0.168627
0.164706
0.192157
0.168627
0.160784
0.121569
0.160784
0.160784
0.113725
0.117647
0.070588
0.098039
0.152941
0.113725
0.164706
0.196078
0.145098
0.192157
0.196078
0.172549
0.156863
0.149020
0.156863
0.117647
0.066667
0.062745
0.062745
0.062745
0.062745
0.062745
0.062745
0.062745
0.062745
0.062745
0.062745
0.066667
0.125490
0.149020
0.188235
0.196078
0.180392
0.196078
0.196078
0.188235
0.172549
0.133333
0.172549
0.172549
0.164706
0.133333
0.070588
0.101961
0.117647
0.160784
0.176471
0.203922
0.188235
0.184314
0.180392
0.160784
0.200000
0.160784
0.125490
0.062745
0.062745
0.062745
0.062745
0.062745
0.062745
0.062745
0.062745
0.062745
0.062745
0.062745
0.062745
0.062745
0.062745
0.125490
0.180392
0.192157
0.203922
0.250980
0.188235
0.149020
0.129412
0.200000
0.164706
0.176471
0.168627
0.109804
0.105882
0.105882
0.117647
0.164706
0.164706
0.223529
0.168627
0.188235
0.227451
0.207843
0.172549
0.188235
0.090196
0.062745
0.062745
0.062745
0.062745
0.062745
0.062745
0.062745
0.062745
0.062745
0.062745
0.062745
0.062745
0.058824
0.062745
0.129412
0.262745
0.231373
0.258824
0.188235
0.247059
0.207843
0.215686
0.223529
0.152941
0.168627
0.129412
0.109804
0.082353
0.113725
0.129412
0.196078
0.266667
0.160784
0.200000
0.184314
0.200000
0.231373
0.203922
0.211765
0.070588
0.062745
0.062745
0.062745
0.062745
0.062745
0.062745
0.062745
0.062745
0.062745
0.062745
0.062745
0.062745
0.062745
0.062745
0.082353
0.168627
0.203922
0.270588
0.215686
0.247059
0.215686
0.180392
0.219608
0.176471
0.180392
0.149020
0.113725
0.070588
0.109804
0.125490
0.149020
0.196078
0.207843
0.223529
0.188235
0.250980
0.231373
0.239216
0.188235
0.082353
0.062745
0.062745
0.062745
0.062745
0.062745
0.062745
0.062745
0.062745
0.062745
0.062745
0.062745
0.062745
0.062745
0.062745
0.105882
0.243137
0.196078
0.243137
0.192157
0.196078
0.207843
0.278431
0.247059
0.203922
0.133333
0.152941
0.145098
0.082353
0.090196
0.121569
0.180392
0.152941
0.164706
0.231373
0.270588
0.219608
0.298039
0.250980
0.235294
0.137255
0.062745
0.062745
0.062745
0.062745
0.062745
0.062745
0.062745
0.062745
0.062745
0.062745
0.062745
0.062745
0.062745
0.058824
0.145098
0.215686
0.168627
0.200000
0.223529
0.219608
0.160784
0.168627
0.211765
0.160784
0.160784
0.180392
0.149020
0.082353
0.086275
0.137255
0.133333
0.203922
0.235294
0.203922
0.219608
0.172549
0.227451
0.215686
0.207843
0.168627
0.062745
0.062745
0.062745
0.058824
0.062745
0.062745
0.062745
0.062745
0.062745
0.062745
0.062745
0.062745
0.062745
0.062745
0.121569
0.231373
0.207843
0.160784
0.211765
0.231373
0.149020
0.196078
0.152941
0.149020
0.121569
0.180392
0.125490
0.094118
0.098039
0.145098
0.137255
0.141176
0.207843
0.227451
0.219608
0.152941
0.172549
0.262745
0.235294
0.243137
0.090196
0.062745
0.062745
0.062745
0.062745
0.062745
0.062745
0.062745
0.062745
0.062745
0.062745
0.062745
0.062745
0.094118
0.262745
0.258824
0.258824
0.231373
0.235294
0.219608
0.243137
0.223529
0.231373
0.211765
0.164706
0.203922
0.156863
0.078431
0.121569
0.141176
0.180392
0.137255
0.200000
0.247059
0.223529
0.215686
0.227451
0.286275
0.243137
0.219608
0.196078
0.062745
0.062745
0.062745
0.062745
0.062745
0.062745
0.062745
0.062745
0.062745
0.062745
0.062745
0.062745
0.164706
0.196078
0.180392
0.235294
0.200000
0.266667
0.160784
0.188235
0.176471
0.219608
0.180392
0.176471
0.152941
0.149020
0.074510
0.109804
0.133333
0.180392
0.145098
0.156863
0.231373
0.243137
0.215686
0.215686
0.243137
0.192157
0.250980
0.290196
0.137255
0.062745
0.062745
0.062745
0.062745
0.062745
0.062745
0.062745
0.062745
0.062745
0.062745
0.168627
0.247059
0.219608
0.258824
0.243137
0.258824
0.192157
0.172549
0.227451
0.266667
0.250980
0.188235
0.203922
0.129412
0.145098
0.074510
0.094118
0.133333
0.184314
0.184314
0.188235
0.188235
0.235294
0.235294
0.156863
0.235294
0.231373
0.313726
0.313726
0.301961
0.156863
0.062745
0.062745
0.062745
0.062745
0.062745
0.062745
0.062745
0.058824
0.125490
0.258824
0.337255
0.258824
0.196078
0.254902
0.211765
0.223529
0.188235
0.223529
0.207843
0.180392
0.211765
0.180392
0.219608
0.168627
0.078431
0.086275
0.129412
0.164706
0.133333
0.168627
0.239216
0.219608
0.266667
0.211765
0.266667
0.247059
0.258824
0.309804
0.223529
0.227451
0.160784
0.070588
0.062745
0.062745
0.062745
0.062745
0.062745
0.160784
0.333333
0.329412
0.313726
0.243137
0.192157
0.196078
0.223529
0.243137
0.258824
0.278431
0.219608
0.200000
0.223529
0.200000
0.137255
0.141176
0.070588
0.109804
0.145098
0.176471
0.192157
0.176471
0.211765
0.254902
0.180392
0.235294
0.258824
0.227451
0.298039
0.321569
0.329412
0.266667
0.294118
0.305882
0.231373
0.274510
0.282353
0.247059
0.309804
0.400000
0.313726
0.250980
0.250980
0.305882
0.247059
0.211765
0.184314
0.286275
0.215686
0.239216
0.215686
0.250980
0.192157
0.203922
0.149020
0.105882
0.082353
0.094118
0.152941
0.152941
0.211765
0.196078
0.239216
0.313726
0.184314
0.215686
0.243137
0.274510
0.301961
0.290196
0.270588
0.341176
0.337255
0.329412
0.384314
0.329412
0.325490
0.270588
0.286275
0.349020
0.305882
0.282353
0.360784
0.219608
0.203922
0.215686
0.250980
0.200000
0.298039
0.313726
0.215686
0.188235
0.149020
0.227451
0.149020
0.133333
0.074510
0.105882
0.137255
0.152941
0.196078
0.172549
0.203922
0.231373
0.203922
0.250980
0.235294
0.286275
0.227451
0.294118
0.231373
0.349020
0.349020
0.325490
0.325490
0.270588
0.439216
0.329412
0.329412
0.333333
0.294118
0.254902
0.321569
0.266667
0.180392
0.258824
0.235294
0.247059
0.254902
0.266667
0.227451
0.192157
0.192157
0.215686
0.152941
0.101961
0.078431
0.094118
0.113725
0.176471
0.227451
0.247059
0.301961
0.215686
0.243137
0.262745
0.196078
0.203922
0.262745
0.305882
0.380392
0.301961
0.317647
0.313726
0.360784
0.372549
0.360784
0.329412
0.294118
0.329412
0.360784
0.325490
0.262745
0.270588
0.247059
0.250980
0.219608
0.254902
0.223529
0.219608
0.207843
0.196078
0.176471
0.180392
0.125490
0.125490
0.066667
0.101961
0.117647
0.168627
0.188235
0.215686
0.301961
0.180392
0.207843
0.239216
0.254902
0.219608
0.266667
0.254902
0.301961
0.349020
0.305882
0.274510
0.333333
0.321569
0.313726
0.372549
0.309804
0.349020
0.313726
0.274510
0.243137
0.192157
0.211765
0.235294
0.250980
0.278431
0.223529
0.215686
0.223529
0.274510
0.200000
0.160784
0.168627
0.090196
0.066667
0.078431
0.113725
0.168627
0.184314
0.200000
0.219608
0.219608
0.286275
0.282353
0.215686
0.274510
0.301961
0.243137
0.321569
0.309804
0.325490
0.282353
0.313726
0.278431
0.337255
0.364706
0.349020
0.345098
0.337255
0.274510
0.309804
0.235294
0.176471
0.207843
0.247059
0.215686
0.219608
0.215686
0.203922
0.239216
0.172549
0.168627
0.090196
0.062745
0.066667
0.074510
0.101961
0.176471
0.192157
0.247059
0.282353
0.258824
0.207843
0.274510
0.223529
0.235294
0.219608
0.247059
0.250980
0.337255
0.317647
0.305882
0.356863
0.333333
0.384314
0.321569
0.270588
0.274510
0.274510
0.333333
0.309804
0.274510
0.258824
0.286275
0.321569
0.258824
0.247059
0.250980
0.243137
0.247059
0.168627
0.117647
0.062745
0.062745
0.058824
0.066667
0.074510
0.109804
0.243137
0.211765
0.278431
0.239216
0.200000
0.294118
0.294118
0.262745
0.309804
0.298039
0.274510
0.329412
0.345098
0.329412
0.356863
0.352941
0.356863
0.325490
0.333333
0.419608
0.364706
0.286275
0.270588
0.239216
0.231373
0.250980
0.239216
0.231373
0.227451
0.207843
0.184314
0.211765
0.137255
0.066667
0.062745
0.062745
0.062745
0.062745
0.070588
0.070588
0.168627
0.196078
0.160784
0.254902
0.298039
0.301961
0.258824
0.266667
0.321569
0.321569
0.313726
0.305882
0.341176
0.337255
0.317647
0.333333
0.360784
0.364706
0.313726
0.360784
0.266667
0.305882
0.317647
0.290196
0.301961
0.262745
0.227451
0.239216
0.219608
0.219608
0.207843
0.172549
0.152941
0.062745
0.062745
0.062745
0.062745
0.062745
0.058824
0.070588
0.168627
0.239216
0.215686
0.239216
0.243137
0.286275
0.231373
0.207843
0.337255
0.239216
0.298039
0.407843
0.372549
0.349020
0.349020
0.407843
0.337255
0.325490
0.313726
0.298039
0.368627
0.266667
0.321569
0.341176
0.250980
0.196078
0.254902
0.196078
0.266667
0.235294
0.254902
0.172549
0.090196
0.062745
0.058824
0.062745
0.062745
0.062745
0.062745
0.062745
0.074510
0.152941
0.192157
0.207843
0.215686
0.227451
0.290196
0.286275
0.325490
0.239216
0.258824
0.396078
0.345098
0.368627
0.411765
0.407843
0.345098
0.321569
0.364706
0.376471
0.380392
0.294118
0.298039
0.254902
0.231373
0.235294
0.266667
0.274510
0.207843
0.254902
0.239216
0.129412
0.086275
0.062745
0.058824
0.062745
0.062745
0.062745
0.062745
0.058824
0.074510
0.137255
0.250980
0.282353
0.247059
0.247059
0.274510
0.266667
0.266667
0.290196
0.305882
0.309804
0.313726
0.294118
0.384314
0.423529
0.380392
0.337255
0.388235
0.360784
0.282353
0.337255
0.301961
0.266667
0.250980
0.215686
0.258824
0.188235
0.203922
0.227451
0.258824
0.117647
0.074510
0.062745
0.062745
0.058824
0.062745
0.062745
0.062745
0.062745
0.074510
0.109804
0.180392
0.219608
0.247059
0.231373
0.266667
0.266667
0.305882
0.321569
0.337255
0.333333
0.345098
0.301961
0.396078
0.400000
0.325490
0.345098
0.360784
0.411765
0.317647
0.337255
0.294118
0.239216
0.192157
0.227451
0.317647
0.231373
0.294118
0.286275
0.180392
0.101961
0.066667
0.062745
0.058824
0.058824
0.062745
0.062745
0.062745
0.062745
0.074510
0.145098
0.192157
0.294118
0.250980
0.278431
0.286275
0.239216
0.258824
0.309804
0.388235
0.321569
0.396078
0.337255
0.352941
0.352941
0.384314
0.388235
0.396078
0.423529
0.301961
0.294118
0.349020
0.305882
0.286275
0.282353
0.247059
0.254902
0.223529
0.215686
0.133333
0.121569
0.074510
0.058824
0.062745
0.062745
0.062745
0.062745
0.062745
0.058824
0.066667
0.105882
0.141176
0.278431
0.235294
0.301961
0.321569
0.301961
0.274510
0.305882
0.337255
0.360784
0.345098
0.368627
0.388235
0.337255
0.356863
0.313726
0.376471
0.372549
0.349020
0.290196
0.337255
0.250980
0.184314
0.215686
0.282353
0.286275
0.219608
0.180392
0.113725
0.129412
0.066667
0.062745
0.062745
0.062745
0.062745
0.062745
0.062745
0.062745
0.082353
0.113725
0.105882
0.160784
0.270588
0.309804
0.305882
0.282353
0.282353
0.317647
0.301961
0.317647
0.372549
0.407843
0.443137
0.356863
0.364706
0.388235
0.352941
0.415686
0.466667
0.376471
0.329412
0.239216
0.247059
0.196078
0.231373
0.247059
0.223529
0.113725
0.105882
0.109804
0.066667
0.062745
0.062745
0.058824
0.062745
0.062745
0.062745
0.062745
0.082353
0.145098
0.101961
0.121569
0.243137
0.247059
0.215686
0.215686
0.274510
0.301961
0.349020
0.356863
0.321569
0.407843
0.341176
0.415686
0.376471
0.392157
0.356863
0.384314
0.384314
0.443137
0.262745
0.309804
0.356863
0.294118
0.333333
0.254902
0.235294
0.105882
0.109804
0.105882
0.066667
0.062745
0.062745
0.062745
0.062745
0.062745
0.062745
0.062745
0.086275
0.125490
0.125490
0.113725
0.196078
0.301961
0.290196
0.270588
0.282353
0.345098
0.286275
0.415686
0.341176
0.384314
0.364706
0.384314
0.466667
0.384314
0.341176
0.403922
0.345098
0.325490
0.372549
0.239216
0.317647
0.282353
0.301961
0.329412
0.211765
0.109804
0.141176
0.121569
0.070588
0.062745
0.058824
0.062745
0.062745
0.062745
0.062745
0.058824
0.074510
0.133333
0.109804
0.105882
0.247059
0.262745
0.266667
0.278431
0.250980
0.411765
0.380392
0.305882
0.352941
0.411765
0.400000
0.372549
0.447059
0.423529
0.364706
0.447059
0.380392
0.341176
0.325490
0.309804
0.219608
0.262745
0.239216
0.286275
0.160784
0.105882
0.149020
0.129412
0.070588
0.062745
0.062745
0.062745
0.062745
0.062745
0.062745
0.062745
0.082353
0.105882
0.105882
0.105882
0.145098
0.294118
0.270588
0.403922
0.376471
0.388235
0.372549
0.329412
0.309804
0.384314
0.403922
0.474510
0.400000
0.372549
0.415686
0.329412
0.376471
0.400000
0.305882
0.321569
0.290196
0.321569
0.298039
0.345098
0.117647
0.117647
0.129412
0.113725
0.070588
0.062745
0.062745
0.062745
0.062745
0.062745
0.062745
0.062745
0.066667
0.125490
0.129412
0.121569
0.117647
0.305882
0.270588
0.290196
0.258824
0.349020
0.380392
0.403922
0.403922
0.427451
0.533333
0.654902
0.733333
0.666667
0.533333
0.454902
0.368627
0.345098
0.392157
0.396078
0.301961
0.313726
0.317647
0.203922
0.105882
0.101961
0.137255
0.125490
0.078431
0.062745
0.058824
0.058824
0.062745
0.062745
0.058824
0.062745
0.074510
0.133333
0.117647
0.113725
0.101961
0.235294
0.247059
0.243137
0.337255
0.345098
0.337255
0.384314
0.384314
0.309804
0.254902
0.368627
0.443137
0.376471
0.227451
0.333333
0.372549
0.376471
0.274510
0.274510
0.325490
0.309804
0.286275
0.200000
0.105882
0.109804
0.145098
0.125490
0.074510
0.058824
0.062745
0.062745
0.062745
0.066667
0.070588
0.074510
0.078431
0.105882
0.125490
0.133333
0.129412
0.223529
0.266667
0.349020
0.368627
0.333333
0.407843
0.309804
0.172549
0.152941
0.160784
0.294118
0.454902
0.294118
0.168627
0.176471
0.129412
0.223529
0.309804
0.325490
0.309804
0.286275
0.298039
0.149020
0.125490
0.168627
0.125490
0.125490
0.082353
0.062745
0.062745
0.062745
0.066667
0.066667
0.074510
0.070588
0.082353
0.121569
0.160784
0.121569
0.137255
0.141176
0.266667
0.309804
0.356863
0.321569
0.223529
0.109804
0.121569
0.196078
0.203922
0.360784
0.494118
0.329412
0.168627
0.164706
0.133333
0.113725
0.223529
0.352941
0.360784
0.345098
0.321569
0.109804
0.109804
0.117647
0.129412
0.133333
0.070588
0.062745
0.058824
0.058824
0.062745
0.062745
0.062745
0.066667
0.082353
0.113725
0.141176
0.129412
0.121569
0.109804
0.282353
0.266667
0.400000
0.250980
0.105882
0.094118
0.105882
0.105882
0.090196
0.192157
0.200000
0.129412
0.090196
0.101961
0.109804
0.105882
0.082353
0.129412
0.309804
0.360784
0.184314
0.145098
0.098039
0.105882
0.133333
0.129412
0.078431
0.062745
0.062745
0.062745
0.062745
0.062745
0.062745
0.062745
0.078431
0.121569
0.125490
0.129412
0.101961
0.129412
0.227451
0.274510
0.239216
0.117647
0.086275
0.105882
0.094118
0.082353
0.070588
0.090196
0.109804
0.094118
0.086275
0.094118
0.086275
0.098039
0.086275
0.101961
0.152941
0.286275
0.196078
0.090196
0.090196
0.101961
0.172549
0.156863
0.070588
0.062745
0.062745
0.062745
0.062745
0.062745
0.062745
0.062745
0.094118
0.156863
0.125490
0.137255
0.152941
0.305882
0.439216
0.462745
0.286275
0.137255
0.078431
0.086275
0.082353
0.070588
0.090196
0.113725
0.121569
0.086275
0.082353
0.086275
0.070588
0.070588
0.086275
0.149020
0.376471
0.549020
0.482353
0.250980
0.117647
0.094118
0.149020
0.113725
0.074510
0.062745
0.062745
0.062745
0.062745
0.062745
0.062745
0.062745
0.086275
0.094118
0.113725
0.098039
0.098039
0.113725
0.247059
0.243137
0.113725
0.086275
0.070588
0.078431
0.078431
0.070588
0.078431
0.082353
0.078431
0.090196
0.074510
0.070588
0.066667
0.070588
0.070588
0.070588
0.117647
0.235294
0.152941
0.137255
0.101961
0.105882
0.109804
0.121569
0.078431
0.062745
0.062745
0.058824
