0.000746
0.000266
0.000067
0.000017
0.000007
0.000003
0.000001
0.000001
0.000000
0.000000
0.000000
0.000001
0.000001
0.000001
0.000000
0.000001
0.000001
0.000001
0.000001
0.000002
0.000001
0.000002
0.000001
0.000002
0.000001
0.000002
0.000003
0.000003
0.000003
0.000001
0.000001
0.000000
0.000000
0.000000
0.000000
0.000000
0.000001
0.000004
0.000028
0.000154
0.000593
0.000255
0.000065
0.000018
0.000008
0.000004
0.000002
0.000001
0.000000
0.000001
0.000001
0.000001
0.000001
0.000001
0.000001
0.000002
0.000002
0.000004
0.000004
0.000005
0.000004
0.000004
0.000002
0.000002
0.000001
0.000001
0.000001
0.000002
0.000002
0.000001
0.000001
0.000000
0.000000
0.000000
0.000000
0.000000
0.000000
0.000002
0.000020
0.000116
0.001172
0.000471
0.000161
0.000053
0.000027
0.000012
0.000005
0.000002
0.000001
0.000002
0.000003
0.000004
0.000003
0.000003
0.000003
0.000008
0.000008
0.000012
0.000010
0.000015
0.000014
0.000012
0.000005
0.000004
0.000001
0.000001
0.000001
0.000001
0.000001
0.000001
0.000001
0.000001
0.000000
0.000000
0.000000
0.000000
0.000001
0.000004
0.000026
0.000134
0.003336
0.001608
0.000949
0.000322
0.000138
0.000049
0.000016
0.000009
0.000006
0.000007
0.000007
0.000009
0.000011
0.000014
0.000017
0.000032
0.000034
0.000052
0.000041
0.000043
0.000040
0.000038
0.000017
0.000011
0.000005
0.000004
0.000002
0.000001
0.000001
0.000001
0.000002
0.000001
0.000001
0.000000
0.000000
0.000000
0.000001
0.000007
0.000029
0.000140
0.009063
0.005549
0.003394
0.001173
0.000495
0.000159
0.000052
0.000033
0.000020
0.000020
0.000018
0.000022
0.000039
0.000082
0.000134
0.000232
0.000246
0.000363
0.000339
0.000341
0.000281
0.000227
0.000118
0.000075
0.000038
0.000026
0.000014
0.000005
0.000003
0.000002
0.000003
0.000003
0.000001
0.000001
0.000000
0.000000
0.000001
0.000009
0.000039
0.000197
0.020792
0.010655
0.006342
0.002020
0.000699
0.000243
0.000107
0.000095
0.000065
0.000057
0.000060
0.000101
0.000275
0.000912
0.001851
0.003692
0.004846
0.007272
0.008198
0.009853
0.008483
0.006285
0.003459
0.001949
0.000639
0.000297
0.000132
0.000052
0.000022
0.000012
0.000011
0.000006
0.000004
0.000002
0.000001
0.000001
0.000002
0.000013
0.000081
0.000521
0.048426
0.021157
0.009537
0.002559
0.000769
0.000298
0.000205
0.000295
0.000240
0.000189
0.000235
0.000701
0.003896
0.019247
0.058309
0.147710
0.237488
0.334486
0.401368
0.478054
0.458799
0.418894
0.317914
0.190727
0.057098
0.011838
0.001904
0.000491
0.000161
0.000061
0.000045
0.000031
0.000015
0.000005
0.000002
0.000001
0.000004
0.000033
0.000336
0.002002
0.085286
0.036648
0.015853
0.003680
0.001177
0.000506
0.000450
0.000614
0.000441
0.000414
0.001003
0.006243
0.082084
0.427734
0.779326
0.916193
0.958225
0.973330
0.980069
0.985315
0.986819
0.986539
0.977711
0.952475
0.831613
0.455846
0.086893
0.008223
0.001194
0.000300
0.000165
0.000117
0.000060
0.000016
0.000007
0.000004
0.000013
0.000109
0.000895
0.005125
0.142875
0.064634
0.027295
0.006718
0.002250
0.000786
0.000565
0.000861
0.000978
0.000858
0.002989
0.045115
0.566970
0.938898
0.990822
0.997197
0.998458
0.998949
0.999075
0.999218
0.999395
0.999421
0.999148
0.998440
0.995366
0.971583
0.733324
0.125017
0.008048
0.001104
0.000443
0.000254
0.000123
0.000025
0.000018
0.000016
0.000052
0.000359
0.002540
0.011627
0.175619
0.077242
0.027649
0.009752
0.002711
0.000988
0.000689
0.000831
0.000836
0.000973
0.006458
0.151643
0.906634
0.993093
0.998812
0.999463
0.999691
0.999804
0.999815
0.999781
0.999785
0.999778
0.999718
0.999551
0.999006
0.996364
0.967637
0.567056
0.033834
0.002562
0.000589
0.000339
0.000199
0.000049
0.000035
0.000031
0.000116
0.000853
0.007235
0.032964
0.188010
0.069507
0.023593
0.008469
0.002750
0.000865
0.000617
0.000676
0.000706
0.001021
0.009020
0.266725
0.973155
0.998162
0.999603
0.999707
0.999803
0.999891
0.999885
0.999815
0.999749
0.999752
0.999697
0.999554
0.999289
0.998281
0.990558
0.851117
0.075876
0.003384
0.000427
0.000345
0.000249
0.000090
0.000048
0.000033
0.000129
0.001219
0.016071
0.076058
0.168106
0.048199
0.017729
0.005457
0.001604
0.000452
0.000247
0.000329
0.000408
0.000639
0.005523
0.222927
0.980307
0.999063
0.999729
0.999685
0.999729
0.999844
0.999827
0.999717
0.999591
0.999528
0.999454
0.999312
0.999182
0.998589
0.993920
0.890635
0.075980
0.002262
0.000277
0.000353
0.000228
0.000072
0.000027
0.000021
0.000071
0.000702
0.010589
0.091622
0.080479
0.019331
0.006396
0.002270
0.000555
0.000198
0.000088
0.000144
0.000126
0.000180
0.001528
0.101647
0.964655
0.999241
0.999726
0.999658
0.999659
0.999787
0.999818
0.999682
0.999530
0.999419
0.999273
0.999038
0.998978
0.998369
0.991798
0.801257
0.034335
0.000770
0.000107
0.000145
0.000141
0.000042
0.000018
0.000012
0.000030
0.000249
0.004595
0.063051
0.034294
0.006984
0.002123
0.000916
0.000282
0.000138
0.000042
0.000050
0.000024
0.000040
0.000219
0.022824
0.816586
0.998860
0.999685
0.999645
0.999607
0.999733
0.999752
0.999608
0.999522
0.999513
0.999406
0.999122
0.999184
0.998786
0.993197
0.687325
0.017025
0.000320
0.000050
0.000059
0.000071
0.000023
0.000013
0.000007
0.000019
0.000127
0.002569
0.047752
0.018171
0.002851
0.000773
0.000443
0.000212
0.000069
0.000021
0.000016
0.000010
0.000016
0.000034
0.002737
0.435535
0.995764
0.999574
0.999636
0.999584
0.999639
0.999613
0.999469
0.999499
0.999563
0.999337
0.999209
0.999074
0.998428
0.989543
0.370513
0.005050
0.000134
0.000028
0.000033
0.000034
0.000010
0.000010
0.000005
0.000012
0.000074
0.001592
0.026657
0.009298
0.000891
0.000291
0.000131
0.000109
0.000030
0.000012
0.000005
0.000004
0.000004
0.000007
0.000239
0.103584
0.963912
0.999296
0.999608
0.999587
0.999623
0.999468
0.999288
0.999451
0.999551
0.999409
0.999295
0.998824
0.997322
0.939423
0.125483
0.001137
0.000050
0.000012
0.000019
0.000014
0.000006
0.000005
0.000003
0.000007
0.000040
0.000702
0.011622
0.002193
0.000183
0.000051
0.000019
0.000022
0.000010
0.000004
0.000001
0.000001
0.000001
0.000002
0.000025
0.009919
0.653257
0.995480
0.999291
0.999412
0.999503
0.999475
0.999137
0.999309
0.999528
0.999463
0.999251
0.998369
0.987200
0.561542
0.016220
0.000136
0.000017
0.000006
0.000007
0.000005
0.000002
0.000002
0.000002
0.000004
0.000019
0.000205
0.003545
0.000356
0.000044
0.000013
0.000005
0.000004
0.000002
0.000001
0.000000
0.000000
0.000000
0.000000
0.000003
0.000432
0.120547
0.870261
0.995386
0.999089
0.999454
0.999408
0.999142
0.999215
0.999485
0.999493
0.999098
0.995234
0.800442
0.116928
0.001289
0.000051
0.000005
0.000004
0.000004
0.000002
0.000001
0.000001
0.000001
0.000002
0.000005
0.000068
0.001241
0.000112
0.000017
0.000004
0.000001
0.000001
0.000000
0.000000
0.000000
0.000000
0.000000
0.000000
0.000001
0.000020
0.004260
0.213093
0.842262
0.992789
0.998987
0.999435
0.999379
0.999474
0.999625
0.999431
0.996691
0.859819
0.234815
0.007680
0.000130
0.000010
0.000004
0.000003
0.000004
0.000001
0.000000
0.000000
0.000000
0.000001
0.000002
0.000033
0.000793
0.000048
0.000005
0.000001
0.000000
0.000000
0.000000
0.000000
0.000000
0.000000
0.000000
0.000000
0.000000
0.000003
0.000081
0.007036
0.175713
0.721856
0.965618
0.992771
0.994057
0.994713
0.993713
0.982856
0.796851
0.282847
0.011483
0.000202
0.000021
0.000005
0.000002
0.000002
0.000002
0.000000
0.000000
0.000000
0.000000
0.000000
0.000002
0.000028
0.000548
0.000020
0.000002
0.000001
0.000000
0.000000
0.000000
0.000000
0.000000
0.000000
0.000000
0.000000
0.000000
0.000000
0.000008
0.000074
0.001521
0.037422
0.230857
0.373315
0.466559
0.403361
0.463543
0.299961
0.052490
0.001851
0.000046
0.000022
0.000005
0.000003
0.000001
0.000002
0.000001
0.000000
0.000000
0.000000
0.000000
0.000000
0.000002
0.000028
0.000268
0.000005
0.000001
0.000000
0.000000
0.000000
0.000000
0.000000
0.000000
0.000000
0.000000
0.000000
0.000000
0.000000
0.000002
0.000010
0.000018
0.000067
0.000357
0.000882
0.000926
0.000960
0.000627
0.000151
0.000029
0.000006
0.000004
0.000004
0.000003
0.000002
0.000002
0.000001
0.000000
0.000000
0.000000
0.000000
0.000000
0.000000
0.000002
0.000023
0.000148
0.000003
0.000001
0.000001
0.000000
0.000000
0.000000
0.000000
0.000000
0.000000
0.000000
0.000000
0.000000
0.000000
0.000000
0.000001
0.000001
0.000001
0.000001
0.000001
0.000000
0.000000
0.000000
0.000000
0.000000
0.000000
0.000000
0.000002
0.000001
0.000001
0.000001
0.000000
0.000000
0.000000
0.000000
0.000000
0.000000
0.000000
0.000003
0.000016
0.000074
0.000002
0.000000
0.000000
0.000000
0.000000
0.000000
0.000000
0.000000
0.000000
0.000000
0.000000
0.000000
0.000000
0.000000
0.000000
0.000000
0.000000
0.000000
0.000000
0.000000
0.000000
0.000000
0.000000
0.000000
0.000000
0.000000
0.000000
0.000000
0.000000
0.000000
0.000000
0.000000
0.000000
0.000000
0.000000
0.000000
0.000000
0.000002
0.000010
0.000045
0.000002
0.000000
0.000000
0.000000
0.000000
0.000000
0.000000
0.000000
0.000000
0.000000
0.000000
0.000000
0.000000
0.000000
0.000000
0.000000
0.000000
0.000000
0.000000
0.000000
0.000000
0.000000
0.000000
0.000000
0.000000
0.000000
0.000000
0.000000
0.000000
0.000000
0.000000
0.000000
0.000000
0.000000
0.000000
0.000000
0.000000
0.000000
0.000003
0.000018
0.000002
0.000000
0.000000
0.000000
0.000000
0.000000
0.000000
0.000000
0.000000
0.000000
0.000000
0.000000
0.000000
0.000000
0.000000
0.000000
0.000000
0.000000
0.000000
0.000000
0.000000
0.000000
0.000000
0.000000
0.000000
0.000000
0.000000
0.000000
0.000000
0.000000
0.000000
0.000000
0.000000
0.000000
0.000000
0.000000
0.000000
0.000000
0.000001
0.000005
0.000001
0.000000
0.000000
0.000000
0.000000
0.000000
0.000000
0.000000
0.000000
0.000000
0.000000
0.000000
0.000000
0.000000
0.000000
0.000000
0.000000
0.000000
0.000000
0.000000
0.000000
0.000000
0.000000
0.000000
0.000000
0.000000
0.000000
0.000000
0.000000
0.000000
0.000000
0.000000
0.000000
0.000000
0.000000
0.000000
0.000000
0.000000
0.000000
0.000001
0.000001
0.000000
0.000000
0.000000
0.000000
0.000000
0.000000
0.000000
0.000000
0.000000
0.000000
0.000000
0.000000
0.000000
0.000000
0.000000
0.000000
0.000000
0.000000
0.000000
0.000000
0.000000
0.000000
0.000000
0.000000
0.000000
0.000000
0.000000
0.000000
0.000000
0.000000
0.000000
0.000000
0.000000
0.000000
0.000000
0.000000
0.000000
0.000000
0.000001
0.000000
0.000000
0.000000
0.000000
0.000000
0.000000
0.000000
0.000000
0.000000
0.000000
0.000000
0.000000
0.000000
0.000000
0.000000
0.000000
0.000000
0.000000
0.000000
0.000000
0.000000
0.000000
0.000000
0.000000
0.000000
0.000000
0.000000
0.000000
0.000000
0.000000
0.000000
0.000000
0.000000
0.000000
0.000000
0.000000
0.000000
0.000000
0.000000
0.000000
0.000000
0.000000
0.000000
0.000000
0.000000
0.000000
0.000000
0.000000
0.000000
0.000000
0.000000
0.000000
0.000000
0.000000
0.000000
0.000000
0.000000
0.000000
0.000000
0.000000
0.000000
0.000000
0.000000
0.000000
0.000000
0.000000
0.000000
0.000000
0.000000
0.000000
0.000000
0.000000
0.000000
0.000000
0.000000
0.000000
0.000000
0.000000
0.000000
0.000000
0.000000
0.000000
0.000000
0.000000
0.000000
0.000000
0.000000
0.000000
0.000000
0.000000
0.000000
0.000000
0.000000
0.000000
0.000000
0.000000
0.000000
0.000000
0.000000
0.000000
0.000000
0.000000
0.000000
0.000000
0.000000
0.000000
0.000000
0.000000
0.000000
0.000000
0.000000
0.000000
0.000000
0.000000
0.000000
0.000000
0.000000
0.000000
0.000000
0.000000
0.000000
0.000000
0.000000
0.000000
0.000000
0.000000
0.000000
0.000000
0.000000
0.000000
0.000000
0.000000
0.000000
0.000000
0.000000
0.000000
0.000000
0.000000
0.000000
0.000000
0.000000
0.000000
0.000000
0.000000
0.000000
0.000000
0.000000
0.000000
0.000000
0.000000
0.000000
0.000000
0.000000
0.000000
0.000000
0.000000
0.000000
0.000000
0.000000
0.000000
0.000000
0.000000
0.000000
0.000000
0.000000
0.000000
0.000000
0.000000
0.000000
0.000000
0.000000
0.000000
0.000000
0.000000
0.000000
0.000000
0.000000
0.000000
0.000000
0.000000
0.000000
0.000000
0.000000
0.000000
0.000000
0.000000
0.000000
0.000000
0.000000
0.000000
0.000000
0.000000
0.000000
0.000000
0.000000
0.000000
0.000000
0.000000
0.000000
0.000000
0.000000
0.000000
0.000000
0.000000
0.000000
0.000000
0.000000
0.000000
0.000000
0.000000
0.000000
0.000000
0.000000
0.000000
0.000000
0.000000
0.000000
0.000000
0.000000
0.000000
0.000000
0.000000
0.000000
0.000000
0.000000
0.000000
0.000000
0.000000
0.000000
0.000000
0.000000
0.000000
0.000000
0.000000
0.000000
0.000000
0.000000
0.000000
0.000000
0.000000
0.000000
0.000000
0.000000
0.000000
0.000000
0.000000
0.000000
0.000000
0.000000
0.000000
0.000000
0.000000
0.000000
0.000000
0.000000
0.000000
0.000000
0.000000
0.000000
0.000000
0.000000
0.000000
0.000000
0.000000
0.000000
0.000000
0.000000
0.000000
0.000000
0.000000
0.000000
0.000000
0.000000
0.000000
0.000000
0.000000
0.000000
0.000000
0.000000
0.000000
0.000000
0.000000
0.000000
0.000000
0.000000
0.000000
0.000000
0.000000
0.000000
0.000000
0.000000
0.000000
0.000000
0.000000
0.000000
0.000000
0.000000
0.000000
0.000000
0.000000
0.000000
0.000000
0.000000
0.000000
0.000000
0.000000
0.000000
0.000000
0.000000
0.000000
0.000000
0.000000
0.000000
0.000000
0.000000
0.000000
0.000000
0.000000
0.000000
0.000000
0.000000
0.000000
0.000000
0.000000
0.000000
0.000000
0.000000
0.000000
0.000000
0.000000
0.000000
0.000000
0.000000
0.000000
0.000000
0.000000
0.000000
0.000000
0.000000
0.000000
0.000000
0.000000
0.000000
0.000000
0.000000
0.000000
0.000000
0.000000
0.000000
0.000000
0.000000
0.000000
0.000000
0.000000
0.000000
0.000000
0.000000
0.000000
0.000000
0.000000
0.000000
0.000000
0.000000
0.000000
0.000000
0.000000
0.000000
0.000000
0.000000
0.000000
0.000000
0.000000
0.000000
0.000000
0.000000
0.000000
0.000000
0.000000
0.000000
0.000000
0.000000
0.000000
0.000000
0.000000
0.000000
0.000000
0.000000
0.000000
0.000000
0.000000
0.000000
0.000000
0.000000
0.000000
0.000000
0.000000
0.000000
0.000000
0.000000
0.000000
0.000000
0.000000
0.000000
0.000000
0.000000
0.000000
0.000000
0.000000
0.000000
0.000000
0.000000
0.000000
0.000000
0.000000
0.000000
0.000000
0.000000
0.000000
0.000000
0.000000
0.000000
0.000000
0.000000
0.000000
0.000000
0.000000
0.000000
0.000000
0.000000
0.000000
0.000000
0.000000
0.000000
0.000000
0.000000
0.000000
0.000000
0.000000
0.000000
0.000000
0.000000
0.000000
0.000000
0.000000
0.000000
0.000000
0.000000
0.000000
0.000000
0.000000
0.000000
0.000000
0.000000
0.000000
0.000000
0.000000
0.000000
0.000000
0.000000
0.000000
0.000000
0.000000
0.000000
0.000000
0.000000
0.000000
0.000000
0.000000
0.000000
0.000000
0.000000
0.000000
0.000000
0.000000
0.000000
0.000000
0.000000
0.000000
0.000000
0.000000
0.000000
0.000000
0.000000
0.000000
0.000000
0.000000
0.000000
0.000000
0.000000
0.000000
0.000000
0.000000
0.000000
0.000000
0.000000
0.000000
0.000000
0.000000
0.000000
0.000000
0.000000
0.000000
0.000000
0.000000
0.000000
0.000000
0.000000
0.000000
0.000000
0.000000
0.000000
0.000000
0.000000
0.000000
0.000000
0.000000
0.000000
0.000000
0.000000
0.000000
0.000000
0.000000
0.000000
0.000000
0.000000
0.000000
0.000000
0.000000
0.000000
0.000000
0.000000
0.000000
0.000000
0.000000
0.000000
0.000000
0.000000
0.000000
0.000000
0.000000
0.000000
0.000000
0.000000
0.000000
0.000000
0.000000
0.000000
0.000000
0.000000
0.000000
0.000000
0.000000
0.000000
0.000000
0.000000
0.000000
0.000000
0.000000
0.000000
0.000000
0.000000
0.000000
0.000000
0.000000
0.000000
0.000000
0.000000
0.000000
0.000000
0.000000
0.000000
0.000000
0.000000
0.000000
0.000000
0.000000
0.000000
0.000000
0.000000
0.000000
0.000000
0.000000
0.000000
0.000000
0.000000
0.000000
0.000000
0.000000
0.000000
0.000000
0.000000
0.000000
0.000000
0.000000
0.000000
0.000000
0.000000
0.000000
0.000000
0.000000
0.000003
0.000002
0.000001
0.000000
0.000000
0.000000
0.000000
0.000000
0.000000
0.000000
0.000000
0.000000
0.000000
0.000000
0.000000
0.000000
0.000000
0.000000
0.000000
0.000000
0.000000
0.000000
0.000000
0.000000
0.000000
0.000000
0.000000
0.000000
0.000000
0.000000
0.000000
0.000000
0.000000
0.000000
0.000000
0.000000
0.000000
0.000000
0.000000
0.000000
0.000010
0.000006
0.000002
0.000001
0.000000
0.000000
0.000000
0.000000
0.000000
0.000000
0.000000
0.000000
0.000000
0.000000
0.000000
0.000000
0.000000
0.000000
0.000000
0.000000
0.000000
0.000000
0.000000
0.000000
0.000000
0.000000
0.000000
0.000000
0.000000
0.000000
0.000000
0.000000
0.000000
0.000000
0.000000
0.000000
0.000000
0.000000
0.000001
0.000002
0.000050
0.000040
0.000018
0.000008
0.000002
0.000001
0.000000
0.000000
0.000000
0.000000
0.000000
0.000000
0.000000
0.000000
0.000000
0.000000
0.000000
0.000000
0.000000
0.000000
0.000000
0.000000
0.000000
0.000000
0.000000
0.000000
0.000000
0.000000
0.000000
0.000000
0.000000
0.000000
0.000000
0.000000
0.000000
0.000001
0.000001
0.000002
0.000007
0.000024
0.000191
0.000146
0.000078
0.000028
0.000009
0.000004
0.000002
0.000001
0.000001
0.000001
0.000000
0.000000
0.000000
0.000000
0.000000
0.000000
0.000000
0.000000
0.000000
0.000000
0.000000
0.000000
0.000000
0.000000
0.000000
0.000000
0.000000
0.000000
0.000000
0.000000
0.000000
0.000001
0.000002
0.000006
0.000009
0.000015
0.000019
0.000026
0.000061
0.000179
0.000312
0.000248
0.000125
0.000049
0.000023
0.000016
0.000011
0.000008
0.000008
0.000010
0.000006
0.000005
0.000003
0.000002
0.000002
0.000001
0.000001
0.000000
0.000000
0.000001
0.000001
0.000001
0.000000
0.000000
0.000001
0.000001
0.000002
0.000003
0.000005
0.000010
0.000021
0.000040
0.000096
0.000163
0.000191
0.000288
0.000309
0.000332
0.000535
0.000916
